1.848306893780241045e-01
1.192450720634081474e-01
1.189712929491869020e-01
1.211500653827105450e-01
9.467679615567088369e-01
9.174531328984787404e-01
3.078596142630969368e-01
9.128486165392963106e-03
2.257177104594695893e-01
1.869369193967629073e-01
1.696035565707869897e-01
1.180880901474081063e-01
8.282027591121142729e-01
9.060882433036174244e-02
8.550646715511770468e-01
3.836658433300588894e-02
2.879826077937054363e-01
1.517927009833681673e-01
2.689205888778688491e-01
6.145884920302766702e-02
1.429994316902478968e-01
2.214818521096806880e-01
1.207313504432913354e-01
4.368658930077154445e-02
2.179432525311120472e-01
2.188780971228497241e-01
3.747429602706340845e-01
9.524493890575795596e-02
9.641411146109168939e-02
1.135007819455974842e-01
4.103868992253471570e-01
5.778125545351326942e-01
6.733223636827458114e-02
1.820762115212608556e-01
7.256597699452750627e-02
2.904645814219324329e-01
3.636137762747833069e-01
2.802502511413157982e-01
1.026729874708121326e-01
1.749777607179148209e-02
2.265624627102294508e-01
6.747018088376008360e-02
2.002202322923616051e-01
3.132809662606834689e-01
8.817433075682964971e-02
2.200508297993057916e-01
2.528357819551936281e-01
3.614023538979869998e-02
1.414444893343290433e-01
1.551589317912078769e-01
9.328551289882009989e-01
7.366555390631303046e-01
7.835301566609522705e-01
8.623647513262204800e-01
5.896458689607452230e-01
8.485572502130920292e-01
9.129889411090914564e-01
6.715611693869891763e-01
6.505000945937835510e-01
9.569874909625067927e-01
8.985210274633921301e-01
4.193474059242897067e-01
9.779993334920199510e-01
6.778968996109348000e-01
5.147011927578278856e-01
9.799013148168054244e-01
9.536337851019002221e-01
8.127704321897628592e-01
9.030667569405496087e-01
4.248884043880193917e-01
6.252247593330086950e-01
4.761907478278691874e-01
3.454961967297793812e-01
9.851965884042056532e-01
2.578541695526704869e-01
8.494738723163919314e-01
8.250470913467062850e-01
7.255325389972319128e-01
8.268815094811056421e-02
7.655216678135736696e-01
7.584590954516278183e-01
8.919152259858218468e-01
8.956204013609360137e-01
9.635357530538806170e-01
7.657068368156243476e-01
9.554915251733808734e-01
9.957761445775151765e-01
4.074284287812935390e-01
9.813931154087276454e-01
8.999501103416945869e-01
7.374370200581815693e-01
4.914270057263269709e-01
5.685515870484439960e-01
8.607610299618264627e-01
2.179965721502824250e-01
9.490646173230828930e-01
8.922801692024198150e-01
6.728473112913671006e-01
8.266722101639309983e-01
9.794470916086714940e-01
