1.850541846322602546e-01
1.221339719905485260e-01
1.208402616373732141e-01
1.228980009764003012e-01
9.455001448218854909e-01
9.166344427340057388e-01
3.094172006519643192e-01
9.373133492901680047e-03
2.276119698361222521e-01
1.893712076831938207e-01
1.697988128654588647e-01
1.204628113281274865e-01
8.264951693187039261e-01
9.183529949241640844e-02
8.515828583020126352e-01
3.990330702092297760e-02
2.916818454763346335e-01
1.511024934528886754e-01
2.709346267151687693e-01
6.277286785012066439e-02
1.451360313978057315e-01
2.210205182414514413e-01
1.217835661693017352e-01
4.461103025512528492e-02
2.213699440757400660e-01
2.223694525371001929e-01
3.786258794819346574e-01
9.810336689883687733e-02
9.849349132255007244e-02
1.151065868196119030e-01
4.122731647035260405e-01
5.835447885347051500e-01
7.017752019183845502e-02
1.849780272232928180e-01
7.394848687450622515e-02
2.901133223154382934e-01
3.640604707379960225e-01
2.808885690563469040e-01
1.039249926238334648e-01
1.820494395464640827e-02
2.285841287572641933e-01
6.813817319378578929e-02
2.029430088466710469e-01
3.156528358546531465e-01
8.914776375198306402e-02
2.237624553516370518e-01
2.562602882506516133e-01
3.698743033580684930e-02
1.411002175262359160e-01
1.568967866200122185e-01
9.317423109386295810e-01
7.358317853774715145e-01
7.832735400090652389e-01
8.592110939090189525e-01
5.865716022693514553e-01
8.450493098195458463e-01
9.096044734269349563e-01
6.675093554935752627e-01
6.507053989697714202e-01
9.565615246238994285e-01
8.961504840174155939e-01
4.227214011677853933e-01
9.773120910491405189e-01
6.752527086790645061e-01
5.098900436662107127e-01
9.794426126013893175e-01
9.524165333895222574e-01
8.125337863013593065e-01
9.021308745194240863e-01
4.217124915965785314e-01
6.251985744536747713e-01
4.783919927089084756e-01
3.509937083950616654e-01
9.847756440871672234e-01
2.575654925178211818e-01
8.465718444830965250e-01
8.244080632189314528e-01
7.248632925546335537e-01
8.394948190347610584e-02
7.632008777095177221e-01
7.534382668212105116e-01
8.902791394544072867e-01
8.930680556056426189e-01
9.624603204793484856e-01
7.665567731124036666e-01
9.547565026223239215e-01
9.955863711256023318e-01
4.095965267279611521e-01
9.809153553746164933e-01
8.975230927262493053e-01
7.352798288750443945e-01
4.907119034592652973e-01
5.643734387696767163e-01
8.609252219258602956e-01
2.191123204271221703e-01
9.477000278450019577e-01
8.910080462998105633e-01
6.731576175855291666e-01
8.273584452028379665e-01
9.787802902583344622e-01
