8.399859280841548426e-02
4.128110028573267476e-01
2.118997458495903985e-01
6.142537912090915292e-02
4.316161561067009544e-01
1.892733547571509578e-01
9.996457497523019153e-01
1.701050538182591332e-01
4.514250745184966718e-02
3.194278965050607599e-01
8.112962509101544484e-01
6.284146922327159268e-02
2.776749288404230520e-01
1.718020856976741895e-01
9.387803872445573683e-01
6.151799267213303724e-02
2.134879149655681818e-01
3.053218265904774076e-01
7.764376724232554539e-01
1.797633212702538230e-01
2.535269188022619136e-01
4.595760217721200219e-02
1.908767531717532329e-01
3.625005334729078377e-01
1.159376328280706941e-01
3.032513871868575128e-01
4.170109465515665637e-01
3.639513675771464951e-02
3.275610685875872397e-02
1.250034216431109013e-01
4.880829422300057840e-02
8.186471576626119795e-02
4.172528214076279274e-02
2.281787375677594987e-01
7.361527456777505751e-01
3.599390062959876291e-01
7.442276388650045926e-02
4.662394293096877584e-01
1.010200990141726513e-01
4.908435665373982182e-02
2.394969497274684889e-01
4.267647906832604532e-01
7.967985523842258111e-02
9.601365767360443837e-02
9.143054682391312804e-01
4.386882845943415599e-02
1.644555650836417582e-01
8.685579746422911196e-02
7.186775775977273517e-02
2.408063385905695464e-01
9.997958994467767146e-01
1.933065978532680640e-01
9.996711070494963547e-01
3.895753108825211752e-01
8.516927572576252770e-01
8.967617387743925805e-01
7.200987844978236074e-01
6.052063553895202785e-01
6.427203858748109511e-01
9.496538151941917860e-01
8.274909489732317214e-01
8.429704838714442428e-01
1.820872036739764332e-01
8.806741248347563777e-01
9.643994529474368971e-01
6.514145281997586467e-01
8.288173305806419977e-01
9.986013479655968528e-01
3.793984062672763335e-01
9.481788080307040900e-01
9.773929255930846605e-01
3.118673429635324679e-01
6.300296556893051347e-01
4.262543321309453237e-01
8.019965093427480207e-01
9.912612335351718151e-01
7.102408576080689873e-01
4.702697736663117301e-01
9.819809330600178798e-01
2.499374977938668141e-01
1.603154260835742695e-01
9.998594856712508250e-01
9.681096750526312356e-01
9.342788365455435562e-01
5.085529893080500408e-01
8.779146160002186949e-01
8.046053813190179316e-01
6.497507034976360840e-01
7.524249725361655816e-01
9.999451393194888071e-01
2.343499816814918202e-01
7.145935849595818068e-01
6.952080880370518079e-01
8.040461038941789651e-01
8.352911083926478630e-01
5.221033808900942264e-01
5.030591574113356668e-01
7.232163425331088469e-01
9.979369265337389994e-01
4.142919505237551703e-01
