5.089426367642087279e-02
1.994678881923402092e-01
3.900079570240366778e-02
1.111763821989245234e-02
1.284968029810234190e-02
4.272069361049752462e-03
1.237586684655362073e-03
5.417619563231230138e-03
3.161693597823418515e-03
5.467067881199966228e-02
1.741681641577833353e-02
3.161204021282223737e-03
4.692962711868501474e-02
4.159364278190226250e-01
8.403688596087144358e-03
1.563435805312679778e-03
4.155444381975997858e-02
1.031455008200108991e-04
1.090944725908773571e-03
5.726325971338317583e-02
6.910622887309549111e-06
2.590308687598724680e-02
3.692513904454958868e-04
2.615950114106919792e-03
1.776455246247808845e-04
3.149342646690460323e-02
5.003091151687230793e-04
7.843651124281481035e-03
6.795518652997030104e-03
4.545995720504834164e-02
8.909019688902408652e-04
1.887772434534772115e-03
4.884494483422032601e-02
5.419810837679448921e-05
7.018399136522714609e-04
9.969345587475871451e-05
6.506272109082145670e-03
1.344342970268891380e-01
3.805486145746036619e-03
1.738438227939290495e-02
7.916394780468561515e-03
1.869148217627973152e-04
8.204643599040013736e-04
1.643766030454812607e-02
7.824043715278180579e-04
7.565921878134207901e-04
6.897015358554035858e-02
1.376097978285042989e-03
3.053451066044054769e-04
2.736669567130184041e-02
4.444421418593118012e-01
7.359397076837140977e-03
7.900540762280454637e-04
2.046678652131458109e-01
8.000512761502176495e-02
9.446711483909552400e-04
6.111433928242905600e-03
5.699999270251473842e-03
1.281141292208463716e-04
3.111251592524952488e-03
5.245153650228623750e-05
8.534430500960560545e-04
1.415033598082501929e-03
1.774763251253592619e-02
1.494439301171536787e-04
1.544533414549937034e-01
2.559448989886934657e-04
9.063376135602980608e-04
3.967238016463567156e-03
3.238553497915792282e-03
2.424546789899295791e-03
1.260462517120784949e-02
5.407365334018992501e-04
2.995864711235127556e-02
8.995277223443469417e-02
2.133387632993758365e-04
2.529940880513382854e-04
1.845710197153329008e-04
2.256854714712562982e-03
4.474485129594612393e-02
4.705414369218411386e-01
2.171714883557105194e-02
8.363589957873549896e-05
6.384005362663345206e-04
5.111541871199843756e-05
1.184357393009921079e-03
2.677452165853507621e-02
1.843856363204522664e-04
1.536499496230035559e-03
6.365071740731508823e-04
5.129498080984274538e-02
8.814328555949407784e-02
1.881098424447997088e-04
8.055365993990023631e-04
6.804555259618730867e-01
1.263143365963829146e-01
2.620035244106603146e-04
4.474587271647009062e-03
4.108312155164194459e-04
3.302093596705214101e-02
1.334509955166610518e-03
2.237250932760314476e-02
5.309971211464533519e-02
2.196846986419313547e-03
5.705642187685928783e-03
8.913030268255033809e-04
1.387654442026774876e-03
1.448008088684953998e-04
1.149747759530761471e-02
6.828240177219968912e-04
9.538509534099300080e-03
6.661867442916890258e-05
6.430183528700447911e-04
2.930211716967969209e-03
1.824377615078656646e-05
1.618402095197575856e-03
3.618200096248873343e-02
6.733729369814899614e-06
3.060036746454190913e-03
1.164876417395774300e-01
9.100359339530985443e-05
5.553355318990935716e-04
1.063479468328277621e-03
2.536276291019458687e-02
1.825205494724397443e-02
1.497143026268970764e-02
8.664973034095583421e-03
9.592800365905258808e-02
4.635304486015542620e-04
5.721287707761208395e-03
1.607875693738096412e-03
1.773388386880959218e-03
2.071596017666633149e-01
4.729498859866161295e-03
8.239410872542199263e-04
1.445435340821621742e-02
2.566726770154981315e-04
5.209200701738606228e-03
3.277849240591456937e-05
3.892282551034455642e-04
3.270742388745261769e-04
1.349118440537712058e-02
5.159587099571276772e-03
2.623654090243158436e-03
2.477205829131670558e-04
1.497611405300335919e-04
1.524524374683614621e-03
3.785135173143877509e-03
4.148427928671725344e-04
8.030128046228783914e-03
8.341287404478613110e-03
2.068538257428928110e-05
5.239184420198162101e-04
4.422742063371102407e-05
2.491919200894091302e-01
2.051744342890651773e-02
1.991903429936544428e-03
6.452927206248375778e-06
1.480807409724061103e-03
1.258449548079236101e-03
1.258853795183096924e-01
3.736490223717217575e-04
7.249416278435277068e-05
6.613610921430566197e-03
1.141500249822598092e-03
3.830285174371204637e-01
7.452482803836338494e-04
1.112690378924877099e-03
1.252150693054163928e-05
3.498523216017848485e-03
3.576090205228136219e-03
3.353726211596778743e-03
1.712623763325401838e-01
1.964078698373436516e-03
1.296927596250494474e-01
8.703352728212494782e-02
1.038933475411491641e-01
2.452024511174551863e-02
3.051302923925035965e-02
4.279852821223690401e-03
4.906837395152636137e-03
1.923964671629685430e-02
1.381318853968326391e-02
1.966416222408332980e-03
1.689483902714546959e-01
6.652004600919409058e-04
1.131219458561053427e-04
1.433451727613981215e-02
8.471735269022735498e-04
1.613145261124963739e-03
5.007366348444530871e-05
1.998458510833041497e-03
6.806012641845127784e-04
2.312683071703929580e-04
6.758228815090668029e-02
8.600915711606768349e-05
4.767537514839211054e-04
7.038553572643112266e-02
1.250973819553925503e-01
2.229480401884972179e-02
1.255187526787334730e-02
6.250710337709199614e-03
2.744111406301269138e-03
1.517137441589360911e-02
7.725755408495782288e-03
5.647857470986064610e-02
7.833658962766275324e-02
3.173896637590702119e-02
7.224508265614127192e-03
4.914351970204324828e-03
6.571383525228508991e-04
5.100184131354286806e-05
5.326743804503603595e-03
2.988515173087805815e-02
1.959898829515838506e-02
9.034110128465592041e-03
8.711456977819874783e-03
1.190751386201201320e-03
1.298853479725085381e-03
1.127504458282055227e-01
4.647149092789621197e-03
1.991040393019706967e-03
5.016081912475229415e-03
3.475179983296869174e-04
6.066479002388353720e-02
5.125887422263136761e-02
4.619868479178004805e-02
2.787500758561641066e-03
2.162149261262863702e-03
1.895858743014498284e-03
3.158926693840670430e-02
1.504666875947866488e-02
4.146308516960193861e-03
5.701466036648292560e-03
3.413853332839691945e-02
2.675264152902335438e-03
7.398265683604680898e-03
4.009766389747154020e-02
1.113603162748261384e-02
5.404003852558219033e-05
1.456314552855425375e-02
8.051538993213461573e-03
1.807585525192725471e-03
5.556121237128757405e-03
1.399583088549042134e-02
8.392144327272543780e-01
1.883417159539731156e-02
5.376131920253948010e-02
2.853707710764322864e-02
1.453753871728993667e-02
8.090680441477059170e-03
1.435032784606244116e-01
2.214841223658018537e-04
2.639951235898523778e-04
1.777756453478968263e-03
1.021003949372466767e-02
1.875045472057011720e-02
4.738725015916504281e-03
2.716075161633544526e-04
1.578829794898924709e-05
4.281971610624431962e-03
1.196351797673302596e-02
8.728616225591420729e-05
5.078226150691013407e-02
1.873377801380444671e-02
2.081016859046802645e-03
3.899396019525645709e-04
9.044955901704286594e-02
2.178565228441570537e-02
1.785100244284489523e-03
9.861299524901317309e-03
1.567999292678555262e-03
9.323327472279785118e-04
4.131082687763555639e-03
9.434894585199441732e-04
7.051025206031723627e-03
1.079601464039759220e-02
9.624796632847543165e-02
1.315442713768625876e-05
1.505368402798749373e-02
1.190056931589919265e-01
1.686904311841408086e-02
9.185935570290619523e-03
8.823067497491572653e-03
1.360924486585306063e-02
6.468824116449546592e-04
2.014183225176270076e-01
1.946136894404903658e-02
2.601252581564618416e-02
2.371185878060586092e-03
2.192817533153420889e-04
3.628752192763999595e-04
2.010048542468575311e-02
3.636150643071380754e-03
3.376654022054815379e-02
7.139361953013625690e-05
5.337668047272686039e-02
1.202096944102734784e-04
1.978206966959092806e-03
1.815936507751707198e-03
1.981272255621669906e-02
9.476880063130904697e-02
1.015763952264370261e-03
4.418799806246395331e-03
9.682862789885897771e-04
7.160338253763698238e-05
1.294558009878942102e-02
3.332523321602316388e-03
2.220096446788594365e-03
6.933260968247675730e-04
3.719502637604767126e-02
1.666973021703393890e-04
1.843077914262692893e-02
1.994057455783443400e-02
3.348371469973685617e-05
3.055354626909000549e-03
4.017860932216068409e-02
1.391186797289308561e-03
1.435218202740490940e-05
5.133747802929392381e-04
7.928284942018977433e-03
5.886119016159034167e-04
1.415169891615067344e-01
8.146671602230261830e-04
5.449165524999939093e-03
5.154876856404655601e-03
3.488583148178909209e-03
9.578604888230820224e-05
2.506176557607677196e-03
3.366558443362917957e-02
2.749753209707418277e-03
2.735010629224969613e-04
1.438789126666621156e-02
1.631790337132868322e-04
2.194802098125014575e-02
9.312966452673449025e-02
1.549101597226871900e-04
4.258586866268622206e-05
1.696196535128930427e-01
1.140233109241453185e-01
2.403581086488742788e-05
3.317099838532651520e-04
3.308520078146413856e-02
1.577080880535662198e-03
7.046700067401522050e-02
4.551470007443816912e-02
8.782735100083016722e-02
1.099245856618340789e-01
8.494624899344010993e-02
1.521799590916642769e-02
1.223889742445056475e-04
2.879028704391284679e-02
6.376250608161421424e-05
5.136470511826885313e-03
6.453975337001890411e-01
1.240214679077830673e-02
3.943745116656927063e-01
5.858053547814922116e-03
1.550240569930433528e-02
5.034205874348969038e-06
2.422713852921363017e-05
5.173255855975497641e-02
8.550262727959589970e-01
1.770927746310027584e-01
6.046279682025414116e-04
2.110750300776153057e-04
3.295468562737038573e-04
4.725666799337276819e-02
7.292193713840279534e-02
3.904850647820344318e-04
4.264312126550437454e-02
4.171477046747603876e-03
2.726824927066480164e-01
1.465699283123523075e-05
8.995345928727364838e-04
1.061158807150407553e-04
3.019882849533181771e-02
8.816624864195779510e-03
1.737755490115688601e-03
9.617009438621500206e-02
3.040749240372789611e-02
3.324893286047393877e-04
4.253795505095149532e-02
2.388621219579170878e-03
5.289009101110225819e-02
9.588301038895453710e-01
1.752411371387856175e-03
3.183277180785699977e-04
2.191102156315085092e-01
6.078487253390021383e-01
1.368971032132619559e-03
3.468256174668312873e-04
1.488447331157623406e-02
2.449331424179342163e-03
6.902985211005586421e-04
5.930296382342313544e-02
4.075049928351739091e-03
7.841098807481379843e-03
7.279917530795394949e-03
9.861415974722741867e-03
6.561314070679150068e-02
5.182714987527454326e-02
8.606782746262081694e-05
4.463380218038003099e-04
1.388342458786355189e-04
1.844778409302339633e-02
1.630379307739557651e-02
3.470988850297648202e-03
5.098656181701302637e-02
3.477504481134170711e-02
1.781796887502520464e-03
9.309003099737055142e-03
9.528845955764926601e-02
9.835905565061429327e-04
1.080290088848774067e-03
1.497413588272028702e-02
5.132881560553020917e-02
1.127397102139429327e-03
5.150018470861810610e-03
8.889385729979773325e-04
1.003783557550261794e-02
5.144129348545954357e-04
2.700759517234011323e-03
1.240138192013323052e-04
5.109791087837799997e-04
5.708409657989290883e-04
9.930015893238067215e-03
2.144778446475543131e-03
1.803608472735528405e-03
3.000707862049675767e-01
5.640283999348415511e-01
7.762620125202259608e-03
1.136200872852543076e-05
4.782174259048229195e-03
6.044859369205519105e-03
4.332156148270223882e-04
4.613169247055705184e-03
1.174888861497445369e-01
6.291925142560177500e-04
1.676760827242117224e-02
4.293357617044904137e-03
3.335819177522521967e-02
1.048665637559612068e-04
7.743642676541824532e-03
7.726263574981395970e-04
3.411737811875309358e-03
5.137868007644013106e-04
6.329239786658633809e-04
2.837952499937142496e-04
1.853832202949898256e-02
1.974211169836416480e-02
6.800223593955573298e-02
1.286087723071787162e-02
3.100355580019682842e-03
1.394999792329333068e-03
2.519389472090764401e-02
6.386405438226129272e-01
3.253435280439313099e-02
9.660493399395507150e-03
8.455379455102238727e-04
1.487116329637645654e-03
6.105758943673890091e-03
2.873315864967832586e-03
7.227283477230181949e-04
5.298993474008615668e-04
5.410023143897429478e-03
1.434492000693858918e-04
8.730578014372549281e-03
1.491360143110841661e-02
3.750897990527256786e-04
2.422509459025107975e-02
2.190467500314464272e-02
2.451241044156021341e-04
1.283704154259574610e-04
2.228865306398394950e-03
3.209392490378097651e-02
5.263536682845205809e-03
1.537841695116222429e-02
1.121691864072640876e-03
2.574987731914916739e-04
7.558268887477165038e-04
3.303291422699513279e-04
2.505449889012759221e-04
4.375500855557843370e-03
2.590818169682901351e-01
2.913201556640544667e-03
3.333680520025238039e-03
6.074973832246540612e-02
7.347419465791862545e-04
4.192121145829994715e-05
2.406524234330521539e-01
1.851668433645556333e-02
2.382018538997260348e-02
3.640616413520355449e-02
4.661848713089343662e-05
2.832462580428667803e-03
2.635720760814004495e-03
8.100956777638154693e-03
2.227852907997029119e-01
4.544092041567798529e-05
1.594453360409347565e-03
1.854293036338023823e-02
5.271387813132072733e-03
2.880019417838980354e-05
1.926210652748162845e-03
1.736925667680456933e-04
1.014768408761767930e-02
2.193310698700002767e-03
2.128328295133970205e-02
3.213824195637280529e-02
9.584562155478290602e-02
3.486843241641706670e-01
1.347881360802422003e-03
1.969527847975117985e-01
2.606327681622914224e-03
1.762270905317298800e-03
4.673182158177211572e-04
1.033912161991482650e-04
8.623714117123523759e-02
9.599547327840285567e-05
1.303370727849400765e-02
1.842535316607510007e-02
6.079287937681867107e-03
7.911311013767424738e-02
6.009248781419590513e-02
2.468413710056983619e-04
2.266293672451459573e-02
9.532227235809086663e-05
1.119346234175576275e-05
6.159224097834306881e-04
1.529991301160665059e-03
1.056980489389769276e-03
3.868787071320897589e-04
6.008337669319246954e-02
6.079750600937280274e-04
6.594191805404832074e-01
5.379785209796889055e-04
2.964816315971589931e-03
4.150040628456228161e-04
8.062358725499666140e-04
3.819653240232692140e-04
9.147767620485686146e-02
5.056586102322602064e-04
2.654143710048147749e-03
3.169154150964220151e-01
9.022652743846768398e-04
7.255790608192623460e-04
1.638892376516447313e-02
1.600038714294284986e-02
1.530121158038535338e-03
3.465011947911854958e-05
3.662829727760417401e-04
4.988906455586043266e-03
1.909504857858665904e-04
1.652604737535037826e-03
6.922890415638892781e-04
7.479509768430221001e-04
3.693794070471516020e-04
4.012292906210225985e-04
3.118920666049616462e-04
1.481541924325417486e-04
9.138278635115614293e-03
2.346360114551863940e-02
1.569471372011026385e-04
3.133167392004771457e-01
2.118226710748967456e-02
2.960206298234997844e-03
2.959927522943558466e-03
4.167709340033960101e-04
3.001688705567733331e-02
1.541297455528237159e-03
1.811460984594873277e-03
3.414684481989801990e-04
3.373226288568357267e-01
9.291898883001969978e-03
6.652981996690894399e-03
9.623769329284786404e-04
9.699964520407097088e-06
7.470359572827195600e-03
8.693148713529912173e-04
1.783126492856443161e-04
1.533875018252912068e-03
5.992013390804105710e-05
5.138366153918477730e-02
1.322525817212025440e-03
1.510247375930921510e-01
1.291139082497599032e-02
4.300736156774076502e-02
9.803794002832401204e-04
5.072055721260122600e-03
3.025662190415709940e-01
1.133541555944704180e-03
4.812587819478772282e-03
3.465422850389164311e-01
7.519314433125761851e-03
9.611504559480998845e-05
2.500582592733806980e-02
4.482523663757186777e-03
8.242529944537644454e-03
1.915979970349136058e-02
1.042573140966968938e-02
1.247003795403590432e-04
4.643150884544656781e-04
2.297708626859153169e-02
2.321124156212358847e-01
1.610156431892011131e-02
1.471099423445993131e-03
4.420385932044789204e-03
8.539310165493256511e-04
4.324645077710648580e-04
5.460303445377714948e-02
6.424115983166217569e-01
1.434455212268058769e-04
1.648936045533342006e-04
6.904354186487545375e-04
2.854592497413966767e-03
1.504833486219485589e-03
2.398019206502165072e-04
7.253977943478288545e-03
7.881137774671057028e-02
4.937924187174221879e-01
2.243452845872735137e-04
2.887794391170011785e-02
1.431505010572920215e-04
4.476020256883384181e-03
9.566555819800603294e-03
1.120212189656241523e-02
1.409355599645600171e-02
1.718752751360403952e-01
2.348151779872971359e-04
1.488422173954734827e-03
7.817787358290811603e-03
1.766070693713672479e-01
1.518656887381317634e-04
5.233712334077869274e-03
1.443510584516524173e-05
7.895095838894337437e-04
1.472866776818035871e-03
1.657308702556065322e-03
7.494860549651707069e-04
4.550384979818438563e-02
1.371051170868005816e-05
2.128352909088486108e-02
3.284176497056315899e-04
9.293588308919679963e-03
2.992811919113284999e-04
2.038402551870698715e-02
3.092302292269781192e-02
1.350628918678767887e-01
4.249759358073367486e-04
1.995893937689704467e-01
1.122951003942924963e-01
1.907142948761672008e-01
3.000448682583474729e-03
1.394950107053295751e-01
6.998952182733712401e-04
1.704915376367377167e-01
5.023420608178126578e-03
1.159369005099537700e-03
3.915800049329126004e-06
1.267964612556633352e-03
9.319055537469438447e-03
2.086387774294469564e-03
6.039153199378746728e-02
1.609180478256336255e-02
4.743197222085840381e-03
9.153479456899874227e-04
2.360268441467016504e-02
1.183728515204841153e-02
4.353192801865263251e-02
2.840475372613940688e-02
7.992525589878226450e-03
5.047879673624856151e-02
9.738093096286438641e-04
3.737852810205382335e-04
2.028235659730883073e-04
1.832616968301930757e-02
9.811285206642927914e-02
1.821076161086903136e-02
4.030360186275797063e-02
3.872263129008134824e-02
1.616806191114932294e-04
1.343901549370296643e-03
4.867883146223219229e-03
1.957007885301064454e-01
9.442259159536180863e-03
1.348041786555062571e-01
2.452024758948004399e-03
5.346680715322716347e-03
4.967791685122259319e-03
2.201592315077917708e-02
8.146137473543325555e-03
9.766940466586770953e-03
6.142605932501982863e-02
2.852470189929814243e-04
1.181581457182960537e-02
1.487994148086624639e-03
6.193075048181800543e-05
1.956176610363497437e-04
9.186567483521940235e-04
1.585141378507480493e-04
4.162966139640106485e-03
2.110181450142140439e-02
1.561389546197299028e-03
1.085008237514648380e-02
9.144705776697700014e-04
6.804631364119300904e-03
1.136506693220363292e-03
4.524802334456883707e-02
7.370618730263698475e-04
9.862212819167702760e-01
7.030971942011910109e-04
1.546549472971374612e-04
4.697662840396639016e-04
3.914731599631049962e-03
6.171937679134223975e-01
1.216362929460191233e-03
1.880498725214025182e-02
1.732936260137926329e-02
3.909199215369522223e-02
1.284618480518112150e-02
2.648867834549402042e-02
1.783838890794641266e-02
1.287438960893034362e-02
6.043434093493659301e-03
2.866693860338655479e-04
9.374175254996952589e-03
3.020213768644885652e-02
1.292711768715822281e-02
4.258617278200683000e-04
8.131316079853939411e-04
2.042503444213619648e-03
1.452532351913987558e-05
1.757977096231285287e-03
3.050233067514867766e-02
3.593423569355361571e-03
5.446554682660044314e-04
1.827237533181735873e-02
6.056102595558126439e-02
3.845198683676331886e-02
3.784610723601086052e-02
6.317230971761351901e-05
1.553463790709030089e-02
1.264903874782577486e-03
1.520085359886531699e-02
2.162892106785221317e-03
8.962741070045172551e-03
9.997354202106525922e-02
1.289368827181070322e-03
1.489484472014579886e-03
1.823919107193540737e-03
1.528814630148732645e-01
1.049125737576766382e-04
3.501649145038187856e-04
2.477560325493032706e-02
2.933183146273162650e-04
4.845292912766572258e-01
6.703862048185586786e-02
2.460528791902081777e-02
1.065579274722018230e-03
1.363522844861483766e-03
8.236228458416922429e-03
4.662414021061542929e-02
6.120544223566127965e-05
3.677085532737962327e-03
3.153133619967519400e-03
3.566070333998851323e-03
1.952432078999049962e-03
1.188971460448332018e-02
5.682737307631390705e-02
7.786005363736751839e-02
2.399426708344735981e-02
4.504453789957101051e-02
3.122876593283754659e-05
2.545441827189096041e-04
6.838527213128020935e-03
2.913152382869094170e-02
1.405174112310705577e-03
1.264735289800367202e-02
6.091938544037430207e-04
4.102754843537626483e-04
2.321113049344867684e-03
3.779465822028746369e-02
1.750713249297199516e-03
7.231780689668823071e-03
4.748270924316171961e-03
3.713134475410348988e-03
4.632810716898980212e-05
1.154400625948186904e-01
5.785330168210049825e-04
8.873108069717345822e-03
6.971259214037772364e-03
2.018552252951969633e-02
2.587706090620977770e-02
8.803288202715205124e-02
8.937222864509000719e-03
3.179241197382762338e-04
2.317976961990064755e-02
1.162743746258448722e-02
9.103220270115133361e-04
3.789528496864876461e-05
2.546079083030989079e-02
6.357513509507077554e-03
6.376266273921292124e-03
5.153207841762146241e-04
1.271686250259029274e-04
1.548531584193163224e-01
2.793766885308073640e-04
3.039785914818823146e-05
7.621688283293914855e-05
4.520743675972114899e-03
2.935504581091647608e-02
3.266825457109108054e-03
2.702029369550985605e-01
3.885796255697025053e-02
4.252154925386342384e-03
1.058556730334544787e-03
1.208724322975449419e-02
7.981375690724528543e-03
4.937945855381457860e-02
7.680371272518194715e-03
4.914991141878926641e-03
1.819852574587376981e-01
2.397092497207115383e-02
5.342613190111351212e-05
9.014844607510955109e-04
3.646719998359901566e-04
4.652169212588491134e-04
3.038001586797853606e-02
6.648075067281336285e-06
4.329806261344244377e-04
6.583884572153329839e-03
1.292327228817915195e-02
5.770481346538361977e-01
1.277038239460539701e-04
7.428640921800112179e-04
2.349469027904013652e-04
1.485734462437010440e-05
1.365642474267361739e-02
2.370213123602030181e-02
1.721178390528502623e-04
7.751972575297882972e-01
1.938160145962576901e-04
1.256341165597985260e-04
8.030104121880658058e-03
2.312686275704234351e-02
1.868657265213244508e-03
2.669659662720065552e-02
5.463938496596858901e-02
6.842065101514019018e-03
2.501885124968787947e-04
6.399455986469084661e-04
3.907867299102677611e-04
2.973167938836520502e-02
3.761534072443045240e-04
4.170982668003410561e-03
5.982992985320362105e-03
1.040904714065032377e-01
6.211423093789140981e-02
5.932432409429045858e-03
3.035301227083843020e-02
5.741050646781797537e-03
4.249261296079501898e-03
3.966369042782762980e-04
1.772799656242988857e-04
5.098237232143202052e-04
9.408613491480677382e-02
2.360695314974283268e-02
1.037927293171582444e-02
6.641839317692830452e-03
1.081615488133220006e-03
3.710607256039550467e-02
2.991208449407315156e-03
1.642357442695603371e-03
7.597726147547143949e-04
5.020015412207021595e-05
5.860836225848996967e-03
4.205190578279108525e-05
9.740395519370537896e-04
2.657169895927279871e-03
3.571901705329124255e-03
1.217340390905644575e-02
7.702994581816179770e-04
1.970528164239729384e-04
1.464969004799924340e-03
8.559461385364872804e-03
1.495457197764480939e-01
1.746184811637090670e-03
2.089988460079364452e-03
1.105177179515078143e-04
7.501707179630853414e-04
6.730072160685270457e-05
1.278711820811004535e-03
4.328488182956577099e-03
9.418058835963334999e-03
4.887238031675134736e-02
1.394684904950831417e-01
3.767786609937193707e-04
6.997682750489263694e-04
1.833040557784388139e-02
9.103599821216338400e-03
2.237286037693867781e-03
1.996815242082937718e-04
5.836000414423283926e-04
7.986165056983585532e-04
1.420212410225055004e-03
1.396533737465535836e-03
1.312456766916917338e-02
2.299611588625585235e-01
8.050049406808368335e-02
1.755316222604362889e-02
5.497582652396386035e-03
1.739674568882054392e-02
6.650631464256807797e-06
3.011085781466315767e-02
5.308964808964068416e-01
3.059207840458770256e-01
2.284570754363218076e-02
1.238656016500617964e-04
6.951376518558770789e-04
4.663403188485675845e-03
6.327018329017643217e-04
1.145154298205111165e-04
2.326713509541153413e-02
5.486106907382830257e-04
2.148218370254074278e-03
4.515312416125486991e-03
7.519236731044952543e-04
4.891795214801355519e-03
1.573790696592397467e-04
1.401134588933354921e-02
5.072145760715293834e-03
9.612144700969302985e-04
1.000408822592920299e-01
4.553070542277593558e-01
1.795689950648385325e-02
1.471187071832999503e-03
6.036470602904472384e-03
8.996195772364661935e-05
8.746032422891908409e-02
6.351982349978206946e-04
2.433228749961652282e-02
1.356977650162955462e-01
2.395145394129011007e-01
1.177908422529045686e-03
1.999596314137767894e-01
1.882229321843390717e-03
2.262172335866924886e-04
4.547144359970772300e-03
1.136855026155339434e-04
9.418316679141697234e-02
1.819832200312810800e-05
1.003191733767478809e-04
1.294135778119298293e-04
2.227364635389816568e-04
7.622646239131681102e-04
1.450173229134319418e-02
6.327564046228892174e-03
2.135418390878664543e-02
5.911814710145766455e-03
2.984349031514268447e-01
1.091965489638866034e-02
1.484084398981443250e-04
2.374597041839964374e-04
4.886589711041181006e-02
7.620764773589814580e-05
4.345153904746056756e-03
5.799070419887484727e-04
2.916880725518718079e-04
2.792077660632772546e-02
2.491008691606829708e-04
3.587245798341723302e-02
4.952280544169277571e-02
4.016995006837534646e-03
5.200477080386799221e-04
2.034268802249052446e-02
3.750459939636199835e-02
4.807951356607955383e-03
2.909095871397560443e-02
6.188747959549665070e-03
4.860585944455812334e-04
1.398907042978993209e-03
3.260469848957571015e-04
1.137807567437835142e-02
1.389843342271095636e-05
3.880915182672427504e-03
9.058440835714447095e-05
7.880454506308008167e-04
3.967698789349395350e-01
1.250401892805850373e-02
2.627245814999115778e-03
1.720298081423088257e-04
1.418274062951204763e-03
8.641648912541715841e-03
1.140362905670741327e-03
3.415524154736419068e-03
9.375449515665428002e-03
1.399681831573469540e-04
1.365141985887871438e-02
2.881156302560365992e-02
9.553184677648001166e-01
5.241173458786606565e-01
8.902865587914605694e-01
8.352273385938361328e-01
8.670015540680523491e-01
6.055659147488079430e-02
3.099695434811717831e-01
3.483437390241401199e-01
9.564966454506164117e-01
3.888678855390413636e-02
6.553112030902387142e-01
5.977583385693301388e-01
4.468507203553633012e-02
9.650821850935383805e-01
8.466849864514375268e-01
2.748010016818151768e-02
8.245855892658404684e-01
6.705248863554390537e-01
7.586191143456851860e-01
6.245787667799467258e-01
3.262437180010440141e-01
9.872373752360291688e-01
8.927020512848763412e-01
9.100136722016914648e-02
7.861138120690037701e-01
6.603323357233784607e-01
4.868417740523259263e-01
6.446313876962105338e-01
8.842047241003140323e-01
4.171283800975948974e-01
2.085457494597005856e-01
7.986593804870341096e-01
1.196020285117763982e-01
9.249901441055286000e-01
9.924838005689621268e-01
1.562748513116626603e-01
9.305843883335934708e-01
1.383292766676730290e-01
7.603842535427415283e-01
2.423864808324805165e-01
5.525180666506704918e-01
4.226699235269201771e-02
3.271316950997816830e-01
7.968490568924971873e-01
9.107710284883545337e-02
5.516817965719729155e-01
6.493607277942107237e-01
6.118155591888027045e-01
9.673569939308852561e-01
9.771665295836498011e-01
7.636205137210489990e-01
3.476217060079753729e-01
1.848453854400953777e-01
9.218552792606302670e-01
4.190140041584638486e-01
7.597936184465855503e-01
2.453381403769369362e-01
2.005924856811322488e-01
9.871428664791116470e-01
5.075458850431510127e-01
8.760399403824127296e-01
8.510312676970630541e-01
9.557423397183657521e-01
1.379799742017062958e-01
2.683915978487558807e-01
2.243403418194978016e-01
3.056199724348258873e-02
1.951536405594637147e-01
5.833150500451894649e-01
3.605875393073729174e-01
1.255684128694335155e-01
3.472029422624884898e-01
6.514149964665855164e-01
1.206355220902891323e-01
1.338760966826915144e-01
9.620452360654231372e-01
4.976022923053252667e-01
9.217181546526984626e-01
6.009123216282923341e-01
9.935228121206040042e-01
2.789225522387542289e-01
7.773328197032334241e-01
6.746994933434373731e-01
7.520519258193106849e-01
3.907180897294372235e-01
5.631544669748345111e-01
1.204903664021475113e-01
5.438526857700103356e-01
3.252118989790157150e-02
5.581883376035741140e-01
2.916525083304785659e-01
4.787744666961708806e-02
9.084223771261640268e-01
2.793019921455175969e-01
3.323003584444224612e-01
6.143798600345635741e-01
4.315623221452571379e-01
5.333007180457969287e-01
9.292484848360272887e-01
6.644907296575401912e-01
