2.870192883648221005e-01
6.928472826763129033e-01
1.808542543842338035e-01
3.532565046783717883e-02
1.054788754653728788e-01
3.653060589593371682e-02
4.371030821484607476e-03
1.972290380397470275e-02
8.919671772089601131e-03
3.406876267064379293e-01
6.055779875891078440e-02
1.107163798762770060e-02
1.716916820172843527e-01
8.942506861641335014e-01
2.249049309389698770e-02
5.290633587932939627e-03
2.563609046438766748e-01
1.480054658755580645e-04
2.274642487152605912e-03
4.487076259063617623e-01
2.826729321581690401e-05
1.785791629255882862e-01
7.890224845915019174e-04
8.976273164234438440e-03
4.559423274003504079e-04
1.784253849512872914e-01
1.044396489327294565e-03
4.315658808902449184e-02
2.425422008763333109e-02
5.012085152924582454e-01
2.101316275492235135e-03
5.948988758974559955e-03
3.423040985562988969e-01
1.019624686679583618e-04
7.887178333693974476e-04
5.247858332148674877e-04
2.978377605427463132e-02
2.580772303882571395e-01
1.997584546091499616e-02
1.169533491253403890e-01
2.093371835969122172e-02
3.231564427208397051e-04
5.928498723807190326e-03
5.057321787372309752e-02
2.963448859245248774e-03
3.315125280082861347e-03
5.012031006721737736e-01
8.740334398099286820e-03
1.150802458669564383e-03
2.934757671454407690e-01
9.110760234718565664e-01
3.803186918920431481e-02
3.584174425845930000e-03
7.368713216680347067e-01
4.486494013167332540e-01
2.369355770661984821e-03
2.467488337932911488e-02
1.420701783872201432e-02
6.203954522529859681e-04
1.481885521565812908e-02
1.064017666609279794e-04
3.275900470830960583e-03
1.503778661046142537e-02
1.903916393704578880e-01
2.685447240090271651e-04
7.537474039284687288e-01
5.904343923348960490e-04
1.235951392606013778e-03
3.226746125333777859e-02
5.245836807421951596e-03
4.833534407670364054e-03
5.689883997208146360e-02
1.721098711323011026e-03
2.099576929586564333e-01
4.544114979481720384e-01
3.446377878301112212e-04
1.378358163783703280e-03
5.438818051570757425e-04
6.097011136223165831e-03
1.839786422785168740e-01
9.660921776538000660e-01
1.270636706089698920e-01
3.228127036026998240e-04
1.717634261638842971e-03
1.656193187952744003e-04
8.814317030142196363e-03
7.285627322254921434e-02
4.175594764432393716e-04
4.282525835471391422e-03
2.259624785936763594e-03
3.068821271999456202e-01
3.550493324664064088e-01
1.184154956445100616e-03
2.736244480990988447e-03
9.776798238540368446e-01
7.398901984785599684e-01
2.354184961459728181e-04
1.741145235918817660e-02
1.408523699970308561e-03
1.460750324886166684e-01
3.467702966208822176e-03
8.761855088199782537e-02
3.131921232636001307e-01
1.602666822538474992e-02
1.803152353863687885e-02
2.411471280508705774e-03
3.850560952539478117e-03
7.499617115348226502e-04
3.492468348507691417e-02
8.789515231890972918e-03
1.280568151756835693e-01
1.432573726735811368e-04
1.676270632342524800e-03
7.331716398722956836e-03
3.433370322981200664e-05
3.694490500913792143e-03
2.344467361781129855e-01
6.711198021196541849e-06
1.785490401625774645e-02
6.394207184062101756e-01
9.890008104973240107e-05
2.264606957024818505e-03
3.741137796455409718e-03
1.800342348326592345e-01
1.429762165139260854e-01
1.498205519001296615e-01
5.717080734224664479e-02
3.520167951172104570e-01
2.001580739012221409e-03
2.322463692424179063e-02
2.460919992697754508e-03
7.912953135018750001e-03
6.720257100237688741e-01
1.695824345654153159e-02
1.161236207977332791e-02
7.187067733371196865e-02
5.439058247864309026e-04
3.753422086055162310e-02
5.621271168880381960e-05
6.940957864952922206e-04
6.273491629597025086e-04
7.149036997504658320e-02
4.274707410876462527e-02
4.506773708033453424e-03
3.699085882197114474e-04
1.980314210343443672e-04
4.776148390726716632e-03
3.941032030995336201e-03
8.827936788697452386e-04
2.746209361470471066e-02
6.742539753666007551e-02
4.092807289475418933e-05
3.578388762251260864e-03
8.470895267858134369e-05
8.178234861181700177e-01
1.617376876673795316e-01
5.797988536266174275e-03
1.108534097576557852e-05
5.118599470467345355e-03
1.608582455045884331e-03
5.189384918687189874e-01
1.680576329715247324e-03
7.478264177778991815e-05
3.057774520944539151e-02
2.467337267539338776e-03
9.206573292009148091e-01
4.484595432463472225e-03
5.165323119273034468e-03
1.444623146392749955e-05
7.141303823496778468e-03
9.542200581390953423e-03
1.906332008084970359e-02
5.668708385035502451e-01
4.284625249734212715e-03
5.069991531614101987e-01
2.960940176497252607e-01
6.112910469226803256e-01
5.855575244766875187e-02
1.178452133470917762e-01
8.570280002729970328e-03
1.472760701200672741e-02
7.751018915929601405e-02
6.127073101613357553e-02
6.130124695320171915e-03
7.542146150997423026e-01
1.994199871475468930e-03
4.985514244055963507e-04
1.325553253477407822e-01
3.569391941702060832e-03
3.717332290119337249e-03
1.391381134707239144e-04
2.183870938760632333e-02
5.165333697984963481e-03
5.902624776854816999e-04
1.582789809046198648e-01
2.347328006451686550e-04
1.018715474007722294e-03
3.046713312628453463e-01
6.549746429312992557e-01
1.618539235527948206e-01
6.652784180481022269e-02
3.300808387061292259e-02
1.309825623874391262e-02
3.888602327332550679e-02
1.617946974807733460e-02
4.446900463378035684e-01
2.563453698999982877e-01
1.345132095208883549e-01
2.575652691785016574e-02
2.137236338361976629e-02
2.676384923596277117e-03
3.039206866322832141e-05
4.110874079536841474e-02
1.080842632244118917e-01
1.444410666673884014e-01
2.336448021753618001e-02
6.841029685857817622e-02
4.011208985568838828e-03
3.877180075599916554e-03
5.563402172024276560e-01
1.052311572113984184e-02
5.978996726083810574e-03
2.878297812236800882e-02
7.087168595513592025e-04
3.515774674788768039e-01
4.062943666772600992e-01
3.296677230870321273e-01
1.472342775301799071e-02
3.666475925605151322e-03
6.503031900196875638e-03
2.150052112712402819e-01
7.613482722602389619e-02
6.695675158964505512e-03
4.881678315242675426e-02
1.781016515755580176e-01
1.408912661699557659e-02
1.963616900679323804e-02
1.791864524770762912e-01
4.100304731812719206e-02
1.906951636334628752e-04
3.762517722052550334e-02
3.763249022037899738e-02
8.776113589827199551e-03
1.610664578044861822e-02
8.470882376091969090e-02
9.886286998942042104e-01
2.873713217347661497e-01
2.482368727811599118e-01
5.085753470515577690e-02
8.193102040420541243e-02
6.241034692811249507e-02
6.369932817679119230e-01
6.303111034985281512e-04
4.504290631379206933e-04
7.796882379752018664e-03
7.128626082924528762e-02
1.168363330484761681e-01
1.332943495786244326e-02
1.755721194857277250e-03
9.780259999375803570e-06
1.161358207672160726e-02
1.307103312354020996e-01
1.681043982564452393e-04
2.619864245163603389e-01
8.332898671851655947e-02
1.029733455921448722e-02
3.913014007379147347e-04
6.106960612217281481e-01
7.716715623254551126e-02
1.338826279125426150e-02
5.278062800079055816e-02
8.951044025889358380e-03
2.791602034361849102e-03
5.229520407957445605e-02
7.840137334355488236e-03
2.367446841870077257e-02
6.628279328837798079e-02
6.531355892656248718e-01
3.727666465092303842e-06
9.306756692495002370e-02
6.545773825294808335e-01
1.337899777499393372e-01
1.004810040023266654e-01
7.181537906122256731e-02
6.717182070838384478e-02
2.904413939204701645e-03
7.369829814078334707e-01
1.791181566529171376e-01
1.739143130354193767e-01
8.826437010859103025e-03
2.824013877597972484e-04
6.678544183709795223e-04
1.221989274846262546e-01
2.821358123848613855e-02
1.535392421314476785e-01
1.098149993525144674e-04
3.409752310164596567e-01
1.262002045120374366e-04
9.294378141465635054e-03
8.655567318008951933e-03
1.059381708705652708e-01
4.537801767861484592e-01
3.029010464887436221e-03
2.377267799529912684e-02
3.447625794965805159e-03
1.011558604705569249e-04
5.665115902713329515e-02
9.176802759017466463e-03
1.310926924113916744e-02
1.027639686947724946e-03
1.858636299670983760e-01
4.179737055566068774e-04
4.584034694144992900e-02
1.664376147806829187e-01
4.215036854625734271e-05
4.087145243718225650e-03
2.058355052273977970e-01
4.711100082790422271e-03
2.413679476508383026e-05
1.953227011998649992e-03
4.804034021602645449e-02
1.904934954638180192e-03
6.192307853444039001e-01
2.287918796746151156e-03
2.313701432674657166e-02
1.266542074784378358e-02
1.911537264257101229e-02
1.311079140160060466e-04
1.565215382297970373e-02
1.624672990325816690e-01
9.691553001678759882e-03
1.352786796125817967e-03
1.181461749695043445e-01
2.062866889316093482e-04
1.877193642724112876e-01
5.027926657741447203e-01
5.605639647006418862e-04
3.028193083536637379e-05
6.294484682998278124e-01
6.678264805209735977e-01
3.259485608436500490e-05
4.621790283690636165e-04
9.708093492077808639e-02
3.291417242247528067e-03
4.905938703405843260e-01
1.708269753181129447e-01
3.426154675965465968e-01
4.650324321170302144e-01
6.750592577295342345e-01
8.316216607394681659e-02
4.415687258557521701e-04
5.068625477373404076e-01
7.249470012683153781e-05
1.783006954799681160e-02
9.459928010701457168e-01
3.188602962611324781e-02
9.419787878592085217e-01
9.566340412514486025e-02
1.051387979613714885e-01
6.718347774266130541e-06
1.952354404331461612e-05
2.606587875270339194e-01
9.969271178064760264e-01
6.016356832386997588e-01
1.360297343977303567e-03
6.989652900133518348e-04
9.538747923552870229e-04
1.641977299816551328e-01
5.714416731198924682e-01
1.513446437726452846e-03
1.929675606691999001e-01
4.447689508608306669e-02
6.960216690203007150e-01
1.191735306855768483e-05
3.493178049690071930e-03
2.374766848007159445e-04
1.540795560585612733e-01
3.404290190720052345e-02
9.885575664020212691e-03
5.973416980373560392e-01
2.165469132190973867e-01
1.059973163616377036e-03
1.644376377181782645e-01
1.213291143247616916e-02
2.546617716308895440e-01
9.980871453483324274e-01
1.012074716381341534e-02
4.938403720229235907e-04
7.678669498361401224e-01
9.713172445444513414e-01
1.823498835936297399e-03
4.027870613472084999e-04
1.054995837904307010e-01
6.545414821192702647e-03
3.165436222520496157e-03
2.692260954924914351e-01
2.163268124991639049e-02
3.436397742029805719e-02
3.186692910100004383e-02
6.384835165204164054e-02
3.144417434170019288e-01
2.652229096797439345e-01
1.701340917678156579e-04
2.849388864762726712e-03
1.370474775604531010e-04
9.899882147399105548e-02
1.489866657422332097e-01
2.880972684397261480e-02
1.359997132486196469e-01
1.361284811769879199e-01
5.383644781953730862e-03
6.186830160843976439e-02
5.880733833944318256e-01
3.981040949062993918e-03
6.214925300240608033e-03
1.178942038440070755e-01
4.509998211730484874e-01
5.755994443924353395e-03
1.433575074878899215e-02
5.612849035735120208e-03
5.433931862493403264e-02
1.399743174192155225e-03
7.093978986157718769e-03
2.240237587189456683e-04
2.645530876953937089e-03
2.558408984900742422e-03
2.972093637007921715e-02
6.916364146863260634e-03
5.924156763908286320e-03
9.372364286438985559e-01
9.711341854746732283e-01
4.331874209511553386e-02
1.092427934211819538e-05
2.216647166663876858e-02
2.445715538010139953e-02
1.858233400806137995e-03
1.429785616779315205e-02
7.087168708615890766e-01
1.819393099458064276e-03
2.732579863117274299e-01
7.080002968932224555e-03
1.519469622872146597e-01
4.439641064489496238e-04
3.924895588261604479e-02
1.775051351541093690e-03
1.203568054941655217e-02
2.607016279241502078e-03
2.167484930628348593e-03
5.609221900983361007e-04
7.617152388047289391e-02
8.083761670564625079e-02
3.117466039242562936e-01
3.332395474660016649e-02
8.691760167990210048e-03
4.455859175696529756e-03
1.531809470982005150e-01
9.374395727501179110e-01
6.560477527091963801e-02
3.735348057982249698e-02
2.126342646248792143e-03
8.728563724925328046e-03
3.936948591853490359e-02
1.590913844439164129e-02
2.235681950873261853e-03
6.208620058651881293e-04
2.496281369552328169e-02
3.714983876017523973e-04
3.608068290319595833e-02
7.964006633526031498e-02
1.090046583882855590e-03
9.740450235365630260e-02
9.716009633905293985e-02
4.389624706874725485e-04
5.160426922038268945e-04
8.432853346558256621e-03
2.240809686630156894e-01
2.076808572100628802e-02
6.433659227998603236e-02
7.276868090883609370e-03
8.165008774210757428e-04
4.704571438256401061e-03
2.964506463002377756e-03
9.584057166454000966e-04
1.410039891105525911e-02
7.807953163612569858e-01
2.158151564067441880e-02
6.622476614281912199e-03
5.038440931329777328e-01
2.732110494931438548e-03
1.216226377435264134e-04
8.307573798572980284e-01
1.713384737746798392e-01
1.041170893025296501e-01
2.094682878667526171e-01
1.112317262994794002e-04
8.796659375613989640e-03
5.968946627498461326e-03
1.313933568101370228e-02
8.401362354079316974e-01
7.280651556863518205e-05
9.633947206016527098e-03
8.672880747639892529e-02
2.019618919238401478e-02
2.300398266361066565e-05
8.658510397484961083e-03
8.459004865155100774e-04
6.627012403860667311e-02
1.623681425116373783e-02
2.129774221826684910e-01
1.185140548858534537e-01
5.261719006112156594e-01
9.492495476236793017e-01
2.708855250097326126e-03
8.000103203124845352e-01
1.958937937290414211e-02
7.349234027526085206e-03
1.173139813267712198e-03
3.247106087758724045e-04
3.394548776914427246e-01
1.329177246931690824e-04
1.222667245915911305e-01
1.128116517853551409e-01
2.029415540683847385e-02
2.904282289146549179e-01
5.102642961636294494e-01
1.047787445284522473e-03
1.780954988625980118e-01
2.139636167599955443e-04
1.489881850966147565e-05
2.156369286425536928e-03
8.309795330722900483e-03
1.297986684323410717e-02
1.441885883929919449e-03
3.595053290416755365e-01
2.448507740846629210e-03
9.739523870373415493e-01
1.408129150215658640e-03
7.723616381266998863e-03
1.018601805545461337e-03
5.938564124591018401e-03
5.133437438384419937e-04
4.120533690695257767e-01
4.266431605477641440e-04
5.486658571099640828e-03
8.521275893408434277e-01
8.471999484342129794e-04
5.208018378538272798e-03
1.457551738822364107e-01
1.115455210371715661e-01
1.193881693110416566e-02
3.098118901821584741e-05
3.477915593860055250e-04
2.951487178811795092e-02
2.773577440856132142e-04
6.351916745902600088e-03
2.034652719871809807e-03
1.694610313998557013e-03
2.050367781129864772e-03
2.365259993846934635e-03
1.126426524002963015e-03
3.886501467608059692e-04
8.572596568623407076e-02
2.638601490862108601e-01
2.768130647596513572e-04
8.404641589167017868e-01
1.225061804169706309e-01
2.269461974448172201e-02
9.370642715791844407e-03
1.012950453343973998e-03
3.952504699990672665e-01
1.674029172867307069e-02
6.365315646180192549e-03
8.892118097678897810e-04
8.105985695124084955e-01
1.211204946124671694e-01
4.039465834872114913e-02
3.237193452904739942e-03
1.116908714699371543e-05
2.802122038136250007e-02
3.098578220118791519e-03
1.331787758614680480e-03
2.796631372306199268e-03
1.069929658261360494e-04
2.417243525419665306e-01
3.088625021400910782e-03
6.512681075051942603e-01
1.334457357087545093e-01
2.393858909108457778e-01
2.566028870977574931e-03
3.076848706486055504e-02
8.275528731532730831e-01
4.051853443658750588e-03
1.844834659097928029e-02
8.769800548834681964e-01
2.778269622969436678e-02
2.313873337624114792e-04
1.866236885907366916e-01
1.691239130514430450e-02
4.439793095257150296e-02
1.168005279605771607e-01
3.170620904419112901e-02
3.042162657841865456e-04
1.269109683785212732e-03
1.651155359920267462e-01
6.450746423212642133e-01
6.479673047048893630e-02
6.123714883655541688e-03
3.517073969609901124e-02
5.274344643037168039e-03
1.905376651644851869e-03
2.370485152152176367e-01
9.676499069834160194e-01
5.139977279378875720e-04
1.349170226887455180e-04
3.077685696197215038e-03
8.606309729832973057e-03
6.475946663157193008e-03
3.088627578958548243e-04
5.171616976715373570e-02
4.293244771683797922e-01
9.603788910330069983e-01
1.013337133862504203e-03
1.516477190191043434e-01
2.225725514422462593e-04
2.483517786116481649e-02
4.744035342229215024e-02
1.268626426157178633e-01
8.720555931541208727e-02
6.216521656412472563e-01
1.285622880282577670e-03
7.100173666021370421e-03
1.529785638826821302e-02
4.103701129689442118e-01
1.995928482716133345e-04
9.360046302464631804e-03
1.374539185803110013e-05
2.126665711041001924e-03
3.388147000421434362e-03
3.294051588839269976e-03
1.843143008253113032e-03
3.514988189322393319e-01
1.259667054518140334e-05
5.764018238453746251e-02
5.379046261343478933e-04
3.595398876361360907e-02
9.367767964280746982e-04
2.254600556123400878e-01
2.551137207551275599e-01
5.411565173822664443e-01
1.091376062364094162e-03
8.323335064049518506e-01
5.196004821404879293e-01
5.450121307535259474e-01
5.340385238547341179e-03
7.011898564396273903e-01
2.495980420975659787e-03
6.880795810917208488e-01
3.113868693964379902e-02
3.466953703270006081e-03
2.642923177446659784e-06
4.668781827700515218e-03
3.989294135419069187e-02
6.146655356824970613e-03
3.928905439657451315e-01
1.241523017833900816e-01
1.575871504679918211e-02
1.334443323178475778e-03
8.871761265906935590e-02
8.145315103086626929e-02
2.526294418128163799e-01
2.134069833582575848e-01
1.869560458203297082e-01
4.247260303308351692e-01
1.356386725375756429e-03
1.052168623716432695e-03
5.015675230883157899e-04
6.911459137636714878e-02
6.596840123658227473e-01
1.193700736580494970e-01
3.152343242941597068e-01
1.360597289725962999e-01
4.295608397526943568e-04
5.073346741485976197e-03
1.990471001792125383e-02
6.798529113602713725e-01
1.878172675237602812e-02
5.753606070543755280e-01
1.158725912923160885e-02
4.057690695627728245e-02
1.086167056812238629e-02
3.069451622698000093e-01
4.731316124966158249e-02
9.793129792565131997e-02
3.211287889920636518e-01
2.125636362262424243e-03
6.166745261753915630e-02
5.279182875648676283e-03
9.711572974958289958e-05
3.757631314310037624e-04
1.635642369099918683e-03
5.572203676524401569e-04
3.724328459940707409e-02
8.563688724729708046e-02
2.264279485601972380e-03
5.574750100335750663e-02
3.007343023761613332e-03
6.457243881852604839e-02
4.430246908073005342e-03
1.357262807627744594e-01
3.880138755251637261e-03
9.996580799552395868e-01
2.165608022666923316e-03
3.946456336377553295e-04
1.400968215515973822e-03
7.161641394171193789e-03
9.822925001432388781e-01
1.083926781149570622e-03
2.781785993831132897e-01
1.006079522603232773e-01
3.916656877102877021e-01
1.560840152588942320e-01
1.813156159022062952e-01
1.999442892736337518e-01
9.626026160281113409e-02
2.325706785574599769e-02
3.941256807700277073e-03
2.626190104248522436e-02
1.480758511689212464e-01
1.342500049357568115e-01
1.299263609323816817e-03
6.370748383177075001e-03
1.155470659295808333e-02
1.747338581277231454e-05
6.290256751646629632e-03
2.240163856522536523e-01
9.921424071944243833e-03
3.599539548899830660e-03
1.011723255562425039e-01
2.636121587322637905e-01
8.969623938406105779e-02
1.871201823650777973e-01
2.338908779326971069e-04
1.253519982954429957e-01
3.970165070409427746e-03
4.973689663770448910e-02
1.225323647099658270e-02
6.173582118009750264e-02
7.854843810241719515e-01
2.406416850715871643e-03
9.017854195318610738e-03
2.985016281103549784e-03
5.737614801914753260e-01
3.167049186136007229e-04
1.774253082019884749e-03
1.651493115576992687e-01
9.098487270391885035e-04
9.352272229876757992e-01
4.071197597500187393e-01
1.868308961980261751e-01
1.074081269443524778e-02
7.311160268118648518e-03
3.457510745720115963e-02
4.158405722424854400e-01
6.709640198460499558e-05
1.945460713456607926e-02
4.541162221278785549e-02
7.712299471143307938e-02
6.369661351352980984e-03
1.433021917024126200e-02
3.815177080694103218e-01
5.006463753607478528e-01
1.944628230438494865e-01
2.694182489932176461e-01
7.767548020101229967e-05
3.452714079324213170e-04
2.393065784632221471e-02
3.364042942799817526e-01
3.729095221003702731e-03
9.221635221835336460e-02
1.427705621457414859e-03
1.397146845994769399e-03
1.480048666753251696e-02
2.403288612373106758e-01
3.490481013938858887e-03
3.778684451222139029e-02
1.378873321428875781e-02
1.421914693915285813e-02
8.566567096528256175e-05
4.917444196814888535e-01
9.795634766995540976e-04
2.854092017902542730e-02
2.588518670114538234e-02
1.807310123224509235e-01
1.158318711851612504e-01
2.287868005009373873e-01
5.772206344949436935e-02
9.187602810020605070e-04
1.805899811895995410e-01
3.985724715827949211e-02
4.723955975881823435e-03
8.982676173792961344e-05
2.246765790159829523e-01
5.879893963215748753e-02
1.310423421839767254e-02
1.283217599393063737e-03
2.040989760183095994e-04
6.833256943655180438e-01
6.273910906331814450e-04
1.832730718386148283e-04
4.433383020381641629e-05
2.548492650633463197e-02
2.479689413289182520e-01
4.307517304722951156e-03
7.940910789655172275e-01
1.919829659796885302e-01
3.275515313324683930e-02
3.476541953217231803e-03
8.667026367652777563e-02
4.918746605780022207e-02
1.782033711770786844e-01
4.358035394728571738e-02
1.886419564375114641e-02
6.956116798876496032e-01
1.559521755314312585e-01
1.422962912789837693e-04
1.231291659146967719e-03
1.822766789225597605e-03
6.365627749314996340e-04
7.812456254418380375e-02
5.428586202488646241e-06
1.675601935284795879e-03
7.052080360585512298e-02
7.157628160970817832e-02
9.655197150263971073e-01
3.636528181859053190e-04
3.128855757759816097e-03
1.247032223136844854e-03
2.726241197845395641e-05
4.413583135714484185e-02
9.601435790755200039e-02
3.559833342845509781e-04
9.867399210112874908e-01
8.094551426258588716e-04
4.995060505441072411e-04
1.615949817402440383e-02
9.962035874878612252e-02
8.897167949874459567e-03
3.513078631262496754e-01
2.957912091676104249e-01
3.225943592078786559e-02
1.395491161818302687e-03
1.328418385530491909e-03
8.099063092306701440e-04
2.614218912699589059e-01
1.109191937133530972e-03
2.160820625851152255e-02
3.866256039879265721e-02
6.923124267502552831e-01
4.214288406681123145e-01
1.223443195226614662e-02
1.914726718627464963e-01
2.612607380103780172e-02
9.134763637812607154e-03
8.347401378977965282e-04
6.733020516701814515e-04
2.066445751122435170e-03
4.955828015517945717e-01
9.815356716791968916e-02
7.409950889992650280e-02
4.115590813043793622e-02
4.642191933743261036e-03
3.711273193210831711e-01
3.830654736024284666e-03
1.314868246570306820e-02
2.301111664600201043e-03
1.203893448547260493e-04
2.122571963513896279e-02
1.814570567598046617e-05
1.164295069369772166e-03
2.759708295262665312e-02
2.879543144664832924e-02
5.337900087515762976e-02
9.821160360022264824e-04
3.080264523506051969e-04
7.917576633485936405e-03
2.919172995025790321e-02
7.133213331744154839e-01
8.395210907011401921e-03
1.481553237406076952e-02
2.251062664109720684e-04
4.212621706353055634e-03
1.296758849007180166e-04
1.929983814838418009e-03
4.517694744962384712e-02
3.704449642196343956e-02
2.635219506496752073e-01
5.377086270659642286e-01
1.284039987105711897e-03
2.675310182358418484e-03
1.476424178024636213e-01
6.081305064754111839e-02
7.014599213503563621e-03
4.181910576334444524e-04
5.258577647867222499e-04
5.020683669007808964e-03
1.262404678383824939e-02
1.352227619591004834e-02
7.256969928529496960e-02
8.068111177151207070e-01
5.057487407759895248e-01
5.038340849856434711e-02
2.272762712184271672e-02
7.234232126123990581e-02
3.881214109233352111e-06
4.044213213028998166e-01
9.528392949114744548e-01
9.127055614127603800e-01
1.514648594651632207e-01
2.020336013698358004e-04
6.860839549030245399e-03
2.549216869473769354e-02
5.190410558092163965e-03
4.135086789599813216e-04
1.658444901048631293e-01
1.940280172426900405e-03
4.981239037795032881e-03
2.039777308830018412e-02
4.648676920438712251e-03
2.842386286464261211e-02
6.599016246092206375e-04
1.381814003148257586e-01
1.018705388115358559e-02
5.435042185505026442e-03
6.103492257518136066e-01
9.010838992463631181e-01
6.627744307766383902e-02
4.465292374039517287e-03
6.729667900818656068e-02
5.909792141072555061e-05
6.213519177276504157e-01
1.288808490593725160e-03
1.455794794620002275e-01
5.210211978882646200e-01
8.414609415062289655e-01
3.296089705059213146e-03
6.292513777429967758e-01
8.511145606676791611e-03
5.057102591669632077e-04
2.446460346133311203e-02
4.366886383194524342e-04
2.479426386558499784e-01
1.998118642837085274e-05
2.001295560242139567e-04
1.691772008142002667e-04
3.894241177965213747e-04
1.888509407902042676e-03
1.022627944120887561e-01
3.959539216411320228e-02
2.178913663869145589e-01
1.775066288779866830e-02
9.172668710871226816e-01
7.588326693412275614e-02
8.963284221878618742e-04
7.233472729496095814e-04
2.471884499471690422e-01
1.090831168761992152e-04
6.380966026808952696e-03
1.686598219193247627e-03
4.285884331921980248e-04
2.197784121186717177e-01
3.175056939811065119e-04
3.236129608378495170e-01
1.572714698552814538e-01
5.879801573842382070e-03
9.285224785531383989e-04
1.425648519502798472e-01
2.797311808713557335e-01
1.930310017881620155e-02
5.424281694834028750e-02
1.410481808047574226e-02
2.133295398679675541e-03
4.653491686082864183e-03
6.151383603090826912e-04
3.863340138061324008e-02
1.182353864511231727e-05
1.442402803075525618e-02
1.881657980261455571e-04
5.708616421530301674e-03
9.350397511288049968e-01
3.605873128525163840e-02
8.151535738475957152e-03
3.632075295579203491e-04
5.921548705189346590e-03
5.422868777022706033e-02
1.846534831544864586e-03
1.913828800106002689e-02
1.218121805000361574e-01
1.799799391445742883e-04
5.944242733884944063e-02
3.072483469302088044e-01
9.968332235411839770e-01
9.303526302821459870e-01
9.901591400989800951e-01
9.870100339989645866e-01
9.904797999825690757e-01
4.723696021479100171e-01
8.341578494173973457e-01
9.004047254336838835e-01
9.970063645724027701e-01
2.990798875362324916e-01
9.628725637238821911e-01
9.614406961736307045e-01
3.629015787717834729e-01
9.972991902413639309e-01
9.812883563347953864e-01
2.647550503964905544e-01
9.862958483022238321e-01
9.551525404256293594e-01
9.701014047804268348e-01
9.590124703998836875e-01
8.594908274683167315e-01
9.993470130233449433e-01
9.909649857426077180e-01
5.678721198189584651e-01
9.837882015016402582e-01
9.681728786407759468e-01
9.197168621108665620e-01
9.582211990031006543e-01
9.892476151693619935e-01
9.075867587921182533e-01
7.972617653302930263e-01
9.844934273694543325e-01
5.866668035190581998e-01
9.948596077069014054e-01
9.995980229176619769e-01
6.623834309054685843e-01
9.950324786737246852e-01
6.645862009773152446e-01
9.719960252591984817e-01
7.537916210361594871e-01
9.347230806554018834e-01
2.995044582277964218e-01
8.479238255320999951e-01
9.763579137702700361e-01
4.860247365332663327e-01
9.473656790658613325e-01
9.493082872594926780e-01
9.513029736635966183e-01
9.978385697605348659e-01
9.984494215725294719e-01
9.757134786357254397e-01
8.564863719353579263e-01
7.104626996532795724e-01
9.930343336300306856e-01
8.790424562051843971e-01
9.713340126860929846e-01
8.175283219386542122e-01
7.789677934683311156e-01
9.990497478509150486e-01
9.255455399002450179e-01
9.909976798042737789e-01
9.890132495109706934e-01
9.969490497227339043e-01
6.333814532002308706e-01
8.276981839077054426e-01
7.730377723965731196e-01
2.584693503998012343e-01
7.267278506505596702e-01
9.520607351389264172e-01
8.752580872465195450e-01
6.132675488815445553e-01
8.680258315179224526e-01
9.537152458139246392e-01
6.291282274510581196e-01
5.962493062200319160e-01
9.975926697377386354e-01
9.200937794301109474e-01
9.943656609613620301e-01
9.470638458513054303e-01
9.995605532188972520e-01
7.863091802915808115e-01
9.797116063547852693e-01
9.607036711483829539e-01
9.796920703437518307e-01
8.810115671298835993e-01
9.447098891736798176e-01
6.017532492481427742e-01
9.327926434239094400e-01
2.645347059937636081e-01
9.451853046499876232e-01
7.765416263857644052e-01
3.363102400156852689e-01
9.927949174292999279e-01
7.974682626964643140e-01
8.740522010263613861e-01
9.459854683820115850e-01
9.019580115182028734e-01
9.480301327941627054e-01
9.940717476737441771e-01
9.574484450797234869e-01
